# scluster + cnmf on "LOP_database_06_09_17/liszt_classical_archives/0/bl11_solo.wav"
[array([  0.        ,   2.78639456, 487.38684807, 487.421678  ]), array([  0.        ,   2.78639456,  38.35936508,  43.32843537,
        83.08099773,  89.02530612,  99.98512472, 130.26394558,
       188.49959184, 194.44390023, 205.40371882, 235.72897959,
       317.50965986, 355.1724263 , 402.16961451, 430.45151927,
       479.16698413, 487.38684807, 487.421678  ]), array([  0.        ,   2.78639456,  38.35936508,  43.32843537,
        83.08099773,  89.02530612,  99.98512472, 130.26394558,
       188.49959184, 194.44390023, 205.40371882, 235.72897959,
       316.85950113, 345.88444444, 354.10430839, 355.1724263 ,
       402.16961451, 430.45151927, 479.16698413, 487.38684807,
       487.421678  ]), array([  0.        ,   2.78639456,  38.9630839 ,  42.81759637,
        83.08099773,  89.02530612,  99.98512472, 130.26394558,
       188.49959184, 194.44390023, 205.40371882, 235.72897959,
       315.1876644 , 345.88444444, 354.10430839, 355.1724263 ,
       402.16961451, 430.45151927, 479.16698413, 487.38684807,
       487.421678  ]), array([  0.        ,   2.78639456,  38.35936508,  43.32843537,
        74.9075737 ,  91.3937415 ,  99.98512472, 110.71274376,
       130.26394558, 180.3261678 , 196.8123356 , 205.40371882,
       216.17777778, 235.72897959, 315.1876644 , 345.88444444,
       354.10430839, 355.1724263 , 402.16961451, 430.45151927,
       466.44244898, 469.64680272, 474.10503401, 479.72426304,
       487.38684807, 487.421678  ]), array([  0.        ,   2.78639456,  25.72770975,  36.17668934,
        38.9630839 ,  42.81759637,  74.9075737 ,  88.51446712,
        91.3937415 ,  99.98512472, 130.26394558, 180.3261678 ,
       193.93306122, 196.8123356 , 205.40371882, 235.72897959,
       293.31446712, 304.6922449 , 315.1876644 , 345.88444444,
       354.6615873 , 401.65877551, 402.16961451, 430.45151927,
       436.39582766, 465.32789116, 466.99972789, 469.64680272,
       470.20408163, 474.10503401, 479.72426304, 487.38684807,
       487.421678  ]), array([  0.        ,   2.78639456,  25.72770975,  36.17668934,
        38.9630839 ,  42.81759637,  74.9075737 ,  88.51446712,
        91.3937415 ,  99.98512472, 130.26394558, 180.3261678 ,
       193.93306122, 196.8123356 , 205.40371882, 235.72897959,
       293.31446712, 304.6922449 , 315.1876644 , 335.34258503,
       345.88444444, 354.6615873 , 401.65877551, 402.16961451,
       430.45151927, 436.39582766, 465.32789116, 466.99972789,
       469.64680272, 470.20408163, 474.10503401, 479.72426304,
       487.38684807, 487.421678  ]), array([  0.        ,   2.78639456,  25.72770975,  36.17668934,
        38.9630839 ,  42.81759637,  74.9075737 ,  88.51446712,
        91.3937415 ,  99.98512472, 110.71274376, 139.18040816,
       180.3261678 , 193.93306122, 196.8123356 , 205.40371882,
       216.17777778, 244.59900227, 293.31446712, 304.6922449 ,
       315.1876644 , 335.34258503, 345.88444444, 354.6615873 ,
       378.67102041, 442.38657596, 465.32789116, 466.99972789,
       469.64680272, 470.20408163, 474.10503401, 479.72426304,
       487.38684807, 487.421678  ]), array([  0.        ,   2.78639456,  25.72770975,  36.17668934,
        38.9630839 ,  42.81759637,  74.9075737 ,  87.35346939,
        91.3937415 ,  99.98512472, 110.71274376, 139.18040816,
       180.3261678 , 192.8185034 , 196.8123356 , 205.40371882,
       216.17777778, 244.59900227, 293.31446712, 305.24952381,
       315.1876644 , 335.34258503, 345.88444444, 354.6615873 ,
       363.02077098, 378.67102041, 442.38657596, 461.28761905,
       479.72426304, 487.38684807, 487.421678  ]), array([  0.        ,   2.78639456,  24.61315193,  38.35936508,
        43.32843537,  72.72489796,  74.9075737 ,  86.79619048,
        91.3937415 ,  99.4278458 , 110.71274376, 139.18040816,
       159.10312925, 164.49015873, 178.14349206, 180.3261678 ,
       192.26122449, 196.8123356 , 205.40371882, 216.17777778,
       244.59900227, 264.52172336, 269.95519274, 293.31446712,
       294.42902494, 297.12253968, 305.24952381, 315.1876644 ,
       335.34258503, 345.88444444, 354.10430839, 360.79165533,
       363.02077098, 378.67102041, 402.16961451, 442.94385488,
       454.22875283, 479.72426304, 487.38684807, 487.421678  ])]
[[3.0, 2.0, 3.0], [4.0, 3.0, 3.0, 3.0, 1.0, 1.0, 1.0, 1.0, 1.0, 1.0, 1.0, 1.0, 2.0, 1.0, 1.0, 2.0, 1.0, 4.0], [5.0, 2.0, 2.0, 2.0, 4.0, 4.0, 2.0, 4.0, 2.0, 2.0, 2.0, 4.0, 1.0, 3.0, 4.0, 2.0, 4.0, 4.0, 4.0, 5.0], [5.0, 1.0, 1.0, 1.0, 2.0, 2.0, 2.0, 2.0, 2.0, 2.0, 2.0, 2.0, 3.0, 4.0, 2.0, 2.0, 2.0, 2.0, 2.0, 5.0], [5.0, 3.0, 3.0, 3.0, 3.0, 3.0, 3.0, 3.0, 3.0, 3.0, 3.0, 3.0, 3.0, 3.0, 4.0, 1.0, 2.0, 3.0, 2.0, 2.0, 2.0, 2.0, 2.0, 2.0, 5.0], [5.0, 2.0, 1.0, 1.0, 1.0, 1.0, 2.0, 4.0, 4.0, 4.0, 4.0, 2.0, 4.0, 4.0, 4.0, 4.0, 2.0, 2.0, 2.0, 3.0, 4.0, 4.0, 4.0, 4.0, 3.0, 4.0, 4.0, 4.0, 4.0, 4.0, 4.0, 5.0], [5.0, 3.0, 1.0, 1.0, 1.0, 1.0, 4.0, 2.0, 2.0, 1.0, 2.0, 4.0, 2.0, 2.0, 2.0, 2.0, 2.0, 3.0, 3.0, 4.0, 4.0, 2.0, 2.0, 2.0, 2.0, 2.0, 2.0, 2.0, 2.0, 2.0, 2.0, 2.0, 5.0], [5.0, 2.0, 3.0, 3.0, 3.0, 3.0, 1.0, 4.0, 4.0, 3.0, 3.0, 4.0, 3.0, 4.0, 4.0, 3.0, 4.0, 4.0, 4.0, 2.0, 2.0, 1.0, 1.0, 2.0, 4.0, 4.0, 4.0, 4.0, 4.0, 4.0, 4.0, 4.0, 5.0], [5.0, 3.0, 1.0, 1.0, 1.0, 1.0, 4.0, 2.0, 2.0, 2.0, 1.0, 2.0, 4.0, 2.0, 2.0, 2.0, 2.0, 2.0, 2.0, 3.0, 3.0, 4.0, 4.0, 2.0, 3.0, 2.0, 2.0, 2.0, 2.0, 5.0], [5.0, 3.0, 2.0, 2.0, 2.0, 2.0, 1.0, 4.0, 4.0, 2.0, 2.0, 4.0, 1.0, 4.0, 2.0, 2.0, 4.0, 4.0, 2.0, 4.0, 4.0, 1.0, 3.0, 2.0, 2.0, 3.0, 3.0, 3.0, 1.0, 1.0, 4.0, 3.0, 3.0, 4.0, 4.0, 4.0, 4.0, 4.0, 5.0]]










# olda + cnmf on "LOP_database_06_09_17/liszt_classical_archives/0/bl11_solo.wav"
[array([  0.        ,   2.78639456,  57.9570068 ,  91.3937415 ,
       163.97931973, 216.17777778, 269.39791383, 308.59319728,
       354.10430839, 402.16961451, 435.88498866, 487.38684807,
       487.421678  ]), array([  0.        ,   2.78639456,  57.9570068 ,  91.3937415 ,
       110.71274376, 163.97931973, 216.17777778, 269.39791383,
       308.59319728, 354.10430839, 402.16961451, 435.88498866,
       487.38684807, 487.421678  ]), array([  0.        ,   2.78639456,  57.9570068 ,  91.3937415 ,
       110.71274376, 163.97931973, 196.8123356 , 216.17777778,
       269.39791383, 308.59319728, 354.10430839, 402.16961451,
       435.88498866, 487.38684807, 487.421678  ]), array([  0.        ,   2.78639456,  57.9570068 ,  91.3937415 ,
       110.71274376, 163.97931973, 196.8123356 , 216.17777778,
       269.39791383, 308.59319728, 354.10430839, 384.89396825,
       402.16961451, 435.88498866, 487.38684807, 487.421678  ]), array([  0.        ,   2.78639456,  57.9570068 ,  91.3937415 ,
       110.71274376, 163.97931973, 196.8123356 , 216.17777778,
       235.72897959, 269.39791383, 308.59319728, 354.10430839,
       384.89396825, 402.16961451, 435.88498866, 487.38684807,
       487.421678  ]), array([  0.        ,   2.78639456,  57.9570068 ,  91.3937415 ,
       110.71274376, 130.26394558, 163.97931973, 196.8123356 ,
       216.17777778, 235.72897959, 269.39791383, 308.59319728,
       354.10430839, 384.89396825, 402.16961451, 435.88498866,
       487.38684807, 487.421678  ]), array([  0.        ,   2.78639456,  57.9570068 ,  91.3937415 ,
       110.71274376, 130.26394558, 163.97931973, 196.8123356 ,
       216.17777778, 235.72897959, 269.39791383, 308.59319728,
       354.10430839, 384.89396825, 402.16961451, 435.88498866,
       461.84489796, 487.38684807, 487.421678  ]), array([  0.        ,   2.78639456,  57.9570068 ,  91.3937415 ,
       110.71274376, 130.26394558, 163.97931973, 196.8123356 ,
       216.17777778, 235.72897959, 269.39791383, 308.59319728,
       334.27446712, 354.10430839, 384.89396825, 402.16961451,
       435.88498866, 461.84489796, 487.38684807, 487.421678  ]), array([  0.        ,   2.78639456,  23.54503401,  57.9570068 ,
        91.3937415 , 110.71274376, 130.26394558, 163.97931973,
       196.8123356 , 216.17777778, 235.72897959, 269.39791383,
       308.59319728, 334.27446712, 354.10430839, 384.89396825,
       402.16961451, 435.88498866, 461.84489796, 487.38684807,
       487.421678  ]), array([  0.        ,   2.78639456,  23.54503401,  57.9570068 ,
        91.3937415 , 110.71274376, 130.26394558, 163.97931973,
       196.8123356 , 216.17777778, 235.72897959, 269.39791383,
       308.59319728, 334.27446712, 345.88444444, 354.10430839,
       384.89396825, 402.16961451, 435.88498866, 461.84489796,
       487.38684807, 487.421678  ]), array([  0.        ,   2.78639456,  23.54503401,  57.9570068 ,
        91.3937415 , 110.71274376, 130.26394558, 163.97931973,
       196.8123356 , 216.17777778, 235.72897959, 255.37306122,
       269.39791383, 308.59319728, 334.27446712, 345.88444444,
       354.10430839, 384.89396825, 402.16961451, 435.88498866,
       461.84489796, 487.38684807, 487.421678  ]), array([  0.        ,   2.78639456,  23.54503401,  57.9570068 ,
        91.3937415 , 110.71274376, 130.26394558, 163.97931973,
       196.8123356 , 216.17777778, 235.72897959, 244.59900227,
       255.37306122, 269.39791383, 308.59319728, 334.27446712,
       345.88444444, 354.10430839, 384.89396825, 402.16961451,
       435.88498866, 461.84489796, 487.38684807, 487.421678  ]), array([  0.        ,   2.78639456,  23.54503401,  57.9570068 ,
        91.3937415 , 110.71274376, 130.26394558, 149.90802721,
       163.97931973, 196.8123356 , 216.17777778, 235.72897959,
       244.59900227, 255.37306122, 269.39791383, 308.59319728,
       334.27446712, 345.88444444, 354.10430839, 384.89396825,
       402.16961451, 435.88498866, 461.84489796, 487.38684807,
       487.421678  ]), array([  0.        ,   2.78639456,  23.54503401,  57.9570068 ,
        91.3937415 , 110.71274376, 130.26394558, 139.18040816,
       149.90802721, 163.97931973, 196.8123356 , 216.17777778,
       235.72897959, 244.59900227, 255.37306122, 269.39791383,
       308.59319728, 334.27446712, 345.88444444, 354.10430839,
       384.89396825, 402.16961451, 435.88498866, 461.84489796,
       487.38684807, 487.421678  ]), array([  0.        ,   2.78639456,  23.54503401,  57.9570068 ,
        91.3937415 , 110.71274376, 130.26394558, 139.18040816,
       149.90802721, 163.97931973, 196.8123356 , 216.17777778,
       235.72897959, 244.59900227, 255.37306122, 269.39791383,
       308.59319728, 334.27446712, 345.88444444, 354.10430839,
       384.89396825, 402.16961451, 411.03963719, 435.88498866,
       461.84489796, 487.38684807, 487.421678  ]), array([  0.        ,   2.78639456,  23.54503401,  57.9570068 ,
        91.3937415 , 110.71274376, 130.26394558, 139.18040816,
       149.90802721, 163.97931973, 196.8123356 , 216.17777778,
       235.72897959, 244.59900227, 255.37306122, 269.39791383,
       308.59319728, 334.27446712, 345.88444444, 354.10430839,
       384.89396825, 402.16961451, 411.03963719, 418.05206349,
       435.88498866, 461.84489796, 487.38684807, 487.421678  ]), array([  0.        ,   2.78639456,  23.54503401,  57.9570068 ,
        91.3937415 ,  99.98512472, 110.71274376, 130.26394558,
       139.18040816, 149.90802721, 163.97931973, 196.8123356 ,
       216.17777778, 235.72897959, 244.59900227, 255.37306122,
       269.39791383, 308.59319728, 334.27446712, 345.88444444,
       354.10430839, 384.89396825, 402.16961451, 411.03963719,
       418.05206349, 435.88498866, 461.84489796, 487.38684807,
       487.421678  ]), array([  0.        ,   2.78639456,  23.54503401,  57.9570068 ,
        91.3937415 ,  99.98512472, 110.71274376, 130.26394558,
       139.18040816, 149.90802721, 163.97931973, 196.8123356 ,
       205.96099773, 216.17777778, 235.72897959, 244.59900227,
       255.37306122, 269.39791383, 308.59319728, 334.27446712,
       345.88444444, 354.10430839, 384.89396825, 402.16961451,
       411.03963719, 418.05206349, 435.88498866, 461.84489796,
       487.38684807, 487.421678  ]), array([  0.        ,   2.78639456,  23.54503401,  57.9570068 ,
        91.3937415 ,  99.98512472, 110.71274376, 130.26394558,
       139.18040816, 149.90802721, 163.97931973, 196.8123356 ,
       205.96099773, 216.17777778, 235.72897959, 244.59900227,
       255.37306122, 269.39791383, 308.59319728, 334.27446712,
       345.88444444, 354.10430839, 372.44807256, 384.89396825,
       402.16961451, 411.03963719, 418.05206349, 435.88498866,
       461.84489796, 487.38684807, 487.421678  ]), array([  0.        ,   2.78639456,  23.54503401,  57.9570068 ,
        91.3937415 ,  99.98512472, 110.71274376, 130.26394558,
       139.18040816, 149.90802721, 163.97931973, 196.8123356 ,
       205.96099773, 216.17777778, 235.72897959, 244.59900227,
       255.37306122, 269.39791383, 305.24952381, 308.59319728,
       334.27446712, 345.88444444, 354.10430839, 372.44807256,
       384.89396825, 402.16961451, 411.03963719, 418.05206349,
       435.88498866, 461.84489796, 487.38684807, 487.421678  ]), array([  0.        ,   2.78639456,  23.54503401,  57.9570068 ,
        91.3937415 ,  99.98512472, 110.71274376, 130.26394558,
       139.18040816, 149.90802721, 163.97931973, 196.8123356 ,
       205.96099773, 216.17777778, 235.72897959, 244.59900227,
       255.37306122, 269.39791383, 305.24952381, 308.59319728,
       334.27446712, 345.88444444, 354.10430839, 364.6461678 ,
       372.44807256, 384.89396825, 402.16961451, 411.03963719,
       418.05206349, 435.88498866, 461.84489796, 487.38684807,
       487.421678  ]), array([  0.        ,   2.78639456,  23.54503401,  42.81759637,
        57.9570068 ,  91.3937415 ,  99.98512472, 110.71274376,
       130.26394558, 139.18040816, 149.90802721, 163.97931973,
       196.8123356 , 205.96099773, 216.17777778, 235.72897959,
       244.59900227, 255.37306122, 269.39791383, 305.24952381,
       308.59319728, 334.27446712, 345.88444444, 354.10430839,
       364.6461678 , 372.44807256, 384.89396825, 402.16961451,
       411.03963719, 418.05206349, 435.88498866, 461.84489796,
       487.38684807, 487.421678  ]), array([  0.        ,   2.78639456,  23.54503401,  42.81759637,
        57.9570068 ,  76.02213152,  91.3937415 ,  99.98512472,
       110.71274376, 130.26394558, 139.18040816, 149.90802721,
       163.97931973, 196.8123356 , 205.96099773, 216.17777778,
       235.72897959, 244.59900227, 255.37306122, 269.39791383,
       305.24952381, 308.59319728, 334.27446712, 345.88444444,
       354.10430839, 364.6461678 , 372.44807256, 384.89396825,
       402.16961451, 411.03963719, 418.05206349, 435.88498866,
       461.84489796, 487.38684807, 487.421678  ]), array([  0.        ,   2.78639456,  23.54503401,  42.81759637,
        57.9570068 ,  76.02213152,  91.3937415 ,  99.98512472,
       110.71274376, 130.26394558, 139.18040816, 149.90802721,
       163.97931973, 196.8123356 , 205.96099773, 216.17777778,
       235.72897959, 244.59900227, 255.37306122, 269.39791383,
       305.24952381, 308.59319728, 334.27446712, 345.88444444,
       354.10430839, 364.6461678 , 372.44807256, 384.89396825,
       402.16961451, 411.03963719, 418.05206349, 435.88498866,
       461.84489796, 474.10503401, 487.38684807, 487.421678  ]), array([  0.        ,   2.78639456,  23.54503401,  42.81759637,
        57.9570068 ,  76.02213152,  91.3937415 ,  99.98512472,
       110.71274376, 130.26394558, 139.18040816, 149.90802721,
       163.97931973, 181.44072562, 196.8123356 , 205.96099773,
       216.17777778, 235.72897959, 244.59900227, 255.37306122,
       269.39791383, 305.24952381, 308.59319728, 334.27446712,
       345.88444444, 354.10430839, 364.6461678 , 372.44807256,
       384.89396825, 402.16961451, 411.03963719, 418.05206349,
       435.88498866, 461.84489796, 474.10503401, 487.38684807,
       487.421678  ]), array([  0.        ,   2.78639456,  23.54503401,  42.81759637,
        57.9570068 ,  76.02213152,  81.50204082,  91.3937415 ,
        99.98512472, 110.71274376, 130.26394558, 139.18040816,
       149.90802721, 163.97931973, 181.44072562, 196.8123356 ,
       205.96099773, 216.17777778, 235.72897959, 244.59900227,
       255.37306122, 269.39791383, 305.24952381, 308.59319728,
       334.27446712, 345.88444444, 354.10430839, 364.6461678 ,
       372.44807256, 384.89396825, 402.16961451, 411.03963719,
       418.05206349, 435.88498866, 461.84489796, 474.10503401,
       487.38684807, 487.421678  ]), array([  0.        ,   2.78639456,  23.54503401,  42.81759637,
        57.9570068 ,  76.02213152,  81.50204082,  91.3937415 ,
        99.98512472, 110.71274376, 130.26394558, 139.18040816,
       149.90802721, 163.97931973, 181.44072562, 196.8123356 ,
       205.96099773, 216.17777778, 235.72897959, 244.59900227,
       255.37306122, 260.7600907 , 269.39791383, 305.24952381,
       308.59319728, 334.27446712, 345.88444444, 354.10430839,
       364.6461678 , 372.44807256, 384.89396825, 402.16961451,
       411.03963719, 418.05206349, 435.88498866, 461.84489796,
       474.10503401, 487.38684807, 487.421678  ]), array([  0.        ,   2.78639456,  23.54503401,  42.81759637,
        57.9570068 ,  76.02213152,  81.50204082,  91.3937415 ,
        99.98512472, 110.71274376, 130.26394558, 139.18040816,
       149.90802721, 163.97931973, 181.44072562, 196.8123356 ,
       205.96099773, 216.17777778, 235.72897959, 244.59900227,
       255.37306122, 260.7600907 , 269.39791383, 275.94594104,
       305.24952381, 308.59319728, 334.27446712, 345.88444444,
       354.10430839, 364.6461678 , 372.44807256, 384.89396825,
       402.16961451, 411.03963719, 418.05206349, 435.88498866,
       461.84489796, 474.10503401, 487.38684807, 487.421678  ]), array([  0.        ,   2.78639456,  23.54503401,  42.81759637,
        57.9570068 ,  76.02213152,  81.50204082,  91.3937415 ,
        99.98512472, 110.71274376, 130.26394558, 139.18040816,
       149.90802721, 163.97931973, 181.44072562, 196.8123356 ,
       205.96099773, 216.17777778, 235.72897959, 244.59900227,
       255.37306122, 260.7600907 , 269.39791383, 275.94594104,
       305.24952381, 308.59319728, 334.27446712, 345.88444444,
       354.10430839, 364.6461678 , 372.44807256, 384.89396825,
       402.16961451, 411.03963719, 418.05206349, 435.88498866,
       453.16063492, 461.84489796, 474.10503401, 487.38684807,
       487.421678  ]), array([  0.        ,   2.78639456,  23.54503401,  42.81759637,
        57.9570068 ,  76.02213152,  81.50204082,  91.3937415 ,
        99.98512472, 110.71274376, 130.26394558, 139.18040816,
       149.90802721, 163.97931973, 181.44072562, 186.92063492,
       196.8123356 , 205.96099773, 216.17777778, 235.72897959,
       244.59900227, 255.37306122, 260.7600907 , 269.39791383,
       275.94594104, 305.24952381, 308.59319728, 334.27446712,
       345.88444444, 354.10430839, 364.6461678 , 372.44807256,
       384.89396825, 402.16961451, 411.03963719, 418.05206349,
       435.88498866, 453.16063492, 461.84489796, 474.10503401,
       487.38684807, 487.421678  ]), array([  0.        ,   2.78639456,  23.54503401,  42.81759637,
        57.9570068 ,  76.02213152,  81.50204082,  91.3937415 ,
        99.98512472, 110.71274376, 130.26394558, 139.18040816,
       149.90802721, 155.3414966 , 163.97931973, 181.44072562,
       186.92063492, 196.8123356 , 205.96099773, 216.17777778,
       235.72897959, 244.59900227, 255.37306122, 260.7600907 ,
       269.39791383, 275.94594104, 305.24952381, 308.59319728,
       334.27446712, 345.88444444, 354.10430839, 364.6461678 ,
       372.44807256, 384.89396825, 402.16961451, 411.03963719,
       418.05206349, 435.88498866, 453.16063492, 461.84489796,
       474.10503401, 487.38684807, 487.421678  ]), array([  0.        ,   2.78639456,  23.54503401,  42.81759637,
        57.9570068 ,  76.02213152,  81.50204082,  91.3937415 ,
        99.98512472, 110.71274376, 130.26394558, 139.18040816,
       149.90802721, 155.3414966 , 163.97931973, 181.44072562,
       186.92063492, 196.8123356 , 205.96099773, 216.17777778,
       235.72897959, 244.59900227, 255.37306122, 260.7600907 ,
       269.39791383, 275.94594104, 305.24952381, 308.59319728,
       334.27446712, 345.88444444, 354.10430839, 364.6461678 ,
       372.44807256, 384.89396825, 402.16961451, 411.03963719,
       418.05206349, 435.88498866, 442.38657596, 453.16063492,
       461.84489796, 474.10503401, 487.38684807, 487.421678  ]), array([  0.        ,   2.78639456,  23.54503401,  42.81759637,
        57.9570068 ,  76.02213152,  81.50204082,  91.3937415 ,
        99.98512472, 110.71274376, 130.26394558, 139.18040816,
       149.90802721, 155.3414966 , 163.97931973, 181.44072562,
       186.92063492, 196.8123356 , 205.96099773, 216.17777778,
       235.72897959, 244.59900227, 255.37306122, 260.7600907 ,
       269.39791383, 275.94594104, 305.24952381, 308.59319728,
       334.27446712, 345.88444444, 354.10430839, 364.6461678 ,
       372.44807256, 384.89396825, 402.16961451, 411.03963719,
       418.05206349, 429.38340136, 435.88498866, 442.38657596,
       453.16063492, 461.84489796, 474.10503401, 487.38684807,
       487.421678  ]), array([  0.        ,   2.78639456,  23.54503401,  42.81759637,
        57.9570068 ,  76.02213152,  81.50204082,  91.3937415 ,
        99.98512472, 110.71274376, 130.26394558, 139.18040816,
       149.90802721, 155.3414966 , 163.97931973, 181.44072562,
       186.92063492, 196.8123356 , 205.96099773, 216.17777778,
       235.72897959, 244.59900227, 255.37306122, 260.7600907 ,
       269.39791383, 275.94594104, 286.76643991, 305.24952381,
       308.59319728, 334.27446712, 345.88444444, 354.10430839,
       364.6461678 , 372.44807256, 384.89396825, 402.16961451,
       411.03963719, 418.05206349, 429.38340136, 435.88498866,
       442.38657596, 453.16063492, 461.84489796, 474.10503401,
       487.38684807, 487.421678  ]), array([  0.        ,   2.78639456,  11.51709751,  23.54503401,
        42.81759637,  57.9570068 ,  76.02213152,  81.50204082,
        91.3937415 ,  99.98512472, 110.71274376, 130.26394558,
       139.18040816, 149.90802721, 155.3414966 , 163.97931973,
       181.44072562, 186.92063492, 196.8123356 , 205.96099773,
       216.17777778, 235.72897959, 244.59900227, 255.37306122,
       260.7600907 , 269.39791383, 275.94594104, 286.76643991,
       305.24952381, 308.59319728, 334.27446712, 345.88444444,
       354.10430839, 364.6461678 , 372.44807256, 384.89396825,
       402.16961451, 411.03963719, 418.05206349, 429.38340136,
       435.88498866, 442.38657596, 453.16063492, 461.84489796,
       474.10503401, 487.38684807, 487.421678  ]), array([  0.        ,   2.78639456,   8.73070295,  11.51709751,
        23.54503401,  42.81759637,  57.9570068 ,  76.02213152,
        81.50204082,  91.3937415 ,  99.98512472, 110.71274376,
       130.26394558, 139.18040816, 149.90802721, 155.3414966 ,
       163.97931973, 181.44072562, 186.92063492, 196.8123356 ,
       205.96099773, 216.17777778, 235.72897959, 244.59900227,
       255.37306122, 260.7600907 , 269.39791383, 275.94594104,
       286.76643991, 305.24952381, 308.59319728, 334.27446712,
       345.88444444, 354.10430839, 364.6461678 , 372.44807256,
       384.89396825, 402.16961451, 411.03963719, 418.05206349,
       429.38340136, 435.88498866, 442.38657596, 453.16063492,
       461.84489796, 474.10503401, 487.38684807, 487.421678  ]), array([  0.        ,   2.78639456,   8.73070295,  11.51709751,
        23.54503401,  42.81759637,  57.9570068 ,  76.02213152,
        81.50204082,  91.3937415 ,  99.98512472, 110.71274376,
       130.26394558, 139.18040816, 149.90802721, 155.3414966 ,
       163.97931973, 181.44072562, 186.92063492, 196.8123356 ,
       205.96099773, 216.17777778, 235.72897959, 244.59900227,
       255.37306122, 260.7600907 , 269.39791383, 275.94594104,
       286.76643991, 305.24952381, 308.59319728, 334.27446712,
       345.88444444, 354.10430839, 360.79165533, 364.6461678 ,
       372.44807256, 384.89396825, 402.16961451, 411.03963719,
       418.05206349, 429.38340136, 435.88498866, 442.38657596,
       453.16063492, 461.84489796, 474.10503401, 487.38684807,
       487.421678  ]), array([  0.        ,   2.78639456,   8.73070295,  11.51709751,
        23.54503401,  42.81759637,  57.9570068 ,  76.02213152,
        81.50204082,  91.3937415 ,  99.98512472, 110.71274376,
       130.26394558, 139.18040816, 149.90802721, 155.3414966 ,
       163.97931973, 181.44072562, 186.92063492, 196.8123356 ,
       205.96099773, 216.17777778, 235.72897959, 244.59900227,
       255.37306122, 260.7600907 , 269.39791383, 275.94594104,
       286.76643991, 305.24952381, 308.59319728, 334.27446712,
       345.88444444, 354.10430839, 358.46965986, 360.79165533,
       364.6461678 , 372.44807256, 384.89396825, 402.16961451,
       411.03963719, 418.05206349, 429.38340136, 435.88498866,
       442.38657596, 453.16063492, 461.84489796, 474.10503401,
       487.38684807, 487.421678  ]), array([  0.        ,   2.78639456,   8.73070295,  11.51709751,
        23.54503401,  42.81759637,  57.9570068 ,  76.02213152,
        81.50204082,  91.3937415 ,  99.98512472, 110.71274376,
       130.26394558, 139.18040816, 149.90802721, 155.3414966 ,
       163.97931973, 181.44072562, 186.92063492, 196.8123356 ,
       205.96099773, 216.17777778, 235.72897959, 244.59900227,
       255.37306122, 260.7600907 , 269.39791383, 275.94594104,
       286.76643991, 305.24952381, 308.59319728, 315.74494331,
       334.27446712, 345.88444444, 354.10430839, 358.46965986,
       360.79165533, 364.6461678 , 372.44807256, 384.89396825,
       402.16961451, 411.03963719, 418.05206349, 429.38340136,
       435.88498866, 442.38657596, 453.16063492, 461.84489796,
       474.10503401, 487.38684807, 487.421678  ])]
[[5.0, 4.0, 4.0, 4.0, 4.0, 4.0, 2.0, 2.0, 4.0, 3.0, 3.0, 5.0], [4.0, 3.0, 3.0, 1.0, 1.0, 1.0, 1.0, 2.0, 2.0, 1.0, 1.0, 1.0, 4.0], [5.0, 1.0, 1.0, 4.0, 4.0, 4.0, 4.0, 4.0, 3.0, 3.0, 4.0, 4.0, 4.0, 5.0], [4.0, 1.0, 1.0, 2.0, 2.0, 2.0, 2.0, 2.0, 3.0, 3.0, 1.0, 2.0, 2.0, 2.0, 4.0], [4.0, 1.0, 1.0, 3.0, 3.0, 3.0, 3.0, 1.0, 3.0, 2.0, 2.0, 1.0, 3.0, 3.0, 3.0, 4.0], [5.0, 2.0, 2.0, 2.0, 2.0, 3.0, 2.0, 2.0, 2.0, 3.0, 2.0, 1.0, 2.0, 2.0, 4.0, 4.0, 5.0], [5.0, 1.0, 1.0, 3.0, 3.0, 3.0, 3.0, 3.0, 3.0, 3.0, 2.0, 2.0, 1.0, 3.0, 3.0, 4.0, 3.0, 5.0], [5.0, 1.0, 1.0, 2.0, 1.0, 2.0, 2.0, 2.0, 1.0, 2.0, 3.0, 3.0, 4.0, 1.0, 2.0, 2.0, 2.0, 2.0, 5.0], [5.0, 2.0, 1.0, 1.0, 3.0, 1.0, 3.0, 3.0, 3.0, 1.0, 3.0, 2.0, 2.0, 4.0, 1.0, 3.0, 3.0, 3.0, 3.0, 5.0], [5.0, 3.0, 1.0, 1.0, 2.0, 1.0, 2.0, 2.0, 2.0, 2.0, 2.0, 3.0, 3.0, 4.0, 4.0, 1.0, 2.0, 2.0, 2.0, 2.0, 5.0], [5.0, 2.0, 1.0, 1.0, 3.0, 1.0, 3.0, 3.0, 3.0, 3.0, 3.0, 4.0, 2.0, 2.0, 4.0, 4.0, 1.0, 3.0, 3.0, 3.0, 3.0, 5.0], [5.0, 4.0, 2.0, 2.0, 1.0, 2.0, 1.0, 1.0, 1.0, 2.0, 1.0, 1.0, 2.0, 4.0, 4.0, 3.0, 3.0, 2.0, 1.0, 1.0, 1.0, 1.0, 5.0], [5.0, 4.0, 3.0, 3.0, 2.0, 3.0, 2.0, 1.0, 2.0, 2.0, 3.0, 2.0, 2.0, 1.0, 4.0, 4.0, 1.0, 1.0, 3.0, 2.0, 2.0, 2.0, 2.0, 5.0], [5.0, 3.0, 1.0, 1.0, 4.0, 1.0, 4.0, 4.0, 2.0, 4.0, 4.0, 1.0, 4.0, 4.0, 2.0, 3.0, 3.0, 2.0, 2.0, 1.0, 4.0, 4.0, 4.0, 4.0, 5.0], [5.0, 3.0, 1.0, 1.0, 4.0, 1.0, 4.0, 4.0, 2.0, 4.0, 4.0, 1.0, 4.0, 4.0, 2.0, 3.0, 3.0, 2.0, 2.0, 1.0, 4.0, 4.0, 4.0, 4.0, 4.0, 5.0], [5.0, 2.0, 3.0, 3.0, 4.0, 3.0, 4.0, 4.0, 1.0, 4.0, 4.0, 3.0, 4.0, 4.0, 3.0, 2.0, 2.0, 1.0, 1.0, 3.0, 4.0, 4.0, 3.0, 4.0, 4.0, 4.0, 5.0], [5.0, 1.0, 3.0, 3.0, 4.0, 3.0, 3.0, 4.0, 4.0, 2.0, 3.0, 3.0, 3.0, 4.0, 4.0, 3.0, 1.0, 1.0, 2.0, 2.0, 3.0, 4.0, 4.0, 3.0, 4.0, 4.0, 4.0, 5.0], [5.0, 1.0, 2.0, 2.0, 3.0, 3.0, 3.0, 3.0, 3.0, 3.0, 3.0, 3.0, 3.0, 3.0, 3.0, 3.0, 4.0, 1.0, 1.0, 4.0, 4.0, 2.0, 3.0, 3.0, 3.0, 3.0, 3.0, 3.0, 5.0], [5.0, 2.0, 1.0, 1.0, 4.0, 4.0, 1.0, 4.0, 4.0, 3.0, 4.0, 4.0, 3.0, 4.0, 4.0, 4.0, 3.0, 2.0, 2.0, 3.0, 3.0, 2.0, 1.0, 4.0, 4.0, 4.0, 4.0, 4.0, 4.0, 5.0], [5.0, 1.0, 2.0, 2.0, 4.0, 4.0, 2.0, 4.0, 4.0, 3.0, 4.0, 4.0, 4.0, 2.0, 4.0, 4.0, 3.0, 1.0, 1.0, 1.0, 3.0, 3.0, 1.0, 2.0, 4.0, 4.0, 2.0, 4.0, 4.0, 4.0, 5.0], [5.0, 1.0, 2.0, 2.0, 3.0, 3.0, 3.0, 3.0, 3.0, 4.0, 3.0, 3.0, 3.0, 3.0, 3.0, 3.0, 2.0, 1.0, 1.0, 1.0, 4.0, 4.0, 3.0, 1.0, 2.0, 3.0, 3.0, 3.0, 4.0, 4.0, 3.0, 5.0], [5.0, 3.0, 1.0, 1.0, 1.0, 2.0, 2.0, 1.0, 2.0, 2.0, 2.0, 2.0, 2.0, 2.0, 2.0, 2.0, 2.0, 2.0, 3.0, 3.0, 3.0, 4.0, 4.0, 2.0, 3.0, 1.0, 2.0, 2.0, 2.0, 2.0, 2.0, 2.0, 5.0], [5.0, 3.0, 4.0, 4.0, 4.0, 4.0, 4.0, 4.0, 4.0, 4.0, 4.0, 4.0, 4.0, 4.0, 4.0, 4.0, 4.0, 4.0, 4.0, 4.0, 3.0, 3.0, 2.0, 1.0, 2.0, 3.0, 4.0, 4.0, 2.0, 4.0, 2.0, 2.0, 2.0, 5.0], [5.0, 2.0, 1.0, 1.0, 1.0, 4.0, 4.0, 4.0, 4.0, 4.0, 4.0, 3.0, 4.0, 4.0, 4.0, 4.0, 4.0, 4.0, 3.0, 2.0, 2.0, 2.0, 3.0, 3.0, 4.0, 2.0, 1.0, 4.0, 4.0, 4.0, 4.0, 3.0, 4.0, 4.0, 5.0], [5.0, 3.0, 4.0, 4.0, 4.0, 2.0, 2.0, 2.0, 4.0, 2.0, 2.0, 1.0, 2.0, 2.0, 2.0, 2.0, 4.0, 2.0, 2.0, 1.0, 3.0, 3.0, 3.0, 1.0, 1.0, 2.0, 3.0, 4.0, 2.0, 2.0, 4.0, 2.0, 2.0, 2.0, 2.0, 5.0], [5.0, 4.0, 3.0, 3.0, 3.0, 1.0, 2.0, 2.0, 2.0, 3.0, 2.0, 2.0, 1.0, 2.0, 2.0, 2.0, 2.0, 3.0, 2.0, 2.0, 1.0, 4.0, 4.0, 4.0, 1.0, 1.0, 2.0, 4.0, 3.0, 2.0, 2.0, 3.0, 2.0, 2.0, 2.0, 2.0, 5.0], [5.0, 1.0, 4.0, 4.0, 4.0, 2.0, 3.0, 3.0, 3.0, 4.0, 3.0, 3.0, 3.0, 3.0, 3.0, 3.0, 3.0, 4.0, 3.0, 3.0, 3.0, 2.0, 1.0, 1.0, 1.0, 2.0, 2.0, 3.0, 1.0, 4.0, 3.0, 3.0, 4.0, 3.0, 3.0, 3.0, 3.0, 5.0], [5.0, 2.0, 3.0, 3.0, 3.0, 4.0, 1.0, 1.0, 3.0, 3.0, 1.0, 1.0, 4.0, 1.0, 4.0, 1.0, 3.0, 1.0, 1.0, 1.0, 2.0, 4.0, 1.0, 2.0, 2.0, 2.0, 4.0, 4.0, 1.0, 2.0, 3.0, 1.0, 1.0, 1.0, 1.0, 1.0, 1.0, 1.0, 5.0], [5.0, 4.0, 3.0, 3.0, 3.0, 3.0, 2.0, 2.0, 2.0, 2.0, 2.0, 2.0, 1.0, 2.0, 3.0, 2.0, 2.0, 2.0, 2.0, 2.0, 3.0, 1.0, 2.0, 4.0, 4.0, 4.0, 1.0, 1.0, 2.0, 4.0, 3.0, 2.0, 2.0, 2.0, 2.0, 1.0, 1.0, 2.0, 2.0, 5.0], [5.0, 2.0, 1.0, 1.0, 1.0, 3.0, 4.0, 4.0, 4.0, 1.0, 4.0, 4.0, 3.0, 4.0, 3.0, 3.0, 4.0, 3.0, 1.0, 4.0, 4.0, 2.0, 3.0, 4.0, 2.0, 2.0, 2.0, 3.0, 3.0, 4.0, 2.0, 1.0, 4.0, 4.0, 1.0, 4.0, 4.0, 4.0, 4.0, 4.0, 5.0], [5.0, 3.0, 4.0, 4.0, 4.0, 1.0, 2.0, 2.0, 2.0, 4.0, 2.0, 2.0, 2.0, 1.0, 2.0, 1.0, 2.0, 4.0, 2.0, 4.0, 2.0, 2.0, 3.0, 1.0, 2.0, 3.0, 3.0, 3.0, 1.0, 1.0, 2.0, 3.0, 4.0, 2.0, 2.0, 4.0, 2.0, 2.0, 2.0, 2.0, 2.0, 5.0], [5.0, 2.0, 3.0, 3.0, 3.0, 1.0, 3.0, 3.0, 3.0, 3.0, 3.0, 3.0, 3.0, 3.0, 3.0, 1.0, 3.0, 3.0, 3.0, 3.0, 3.0, 3.0, 3.0, 3.0, 3.0, 3.0, 2.0, 2.0, 4.0, 1.0, 4.0, 2.0, 3.0, 3.0, 3.0, 3.0, 4.0, 4.0, 4.0, 4.0, 3.0, 4.0, 5.0], [5.0, 4.0, 2.0, 2.0, 2.0, 4.0, 2.0, 2.0, 2.0, 2.0, 3.0, 3.0, 2.0, 1.0, 2.0, 4.0, 2.0, 2.0, 2.0, 2.0, 3.0, 3.0, 2.0, 1.0, 2.0, 4.0, 4.0, 4.0, 3.0, 1.0, 3.0, 4.0, 2.0, 2.0, 3.0, 2.0, 3.0, 3.0, 3.0, 3.0, 3.0, 3.0, 3.0, 5.0], [5.0, 1.0, 4.0, 4.0, 4.0, 3.0, 2.0, 2.0, 2.0, 4.0, 2.0, 2.0, 2.0, 3.0, 2.0, 3.0, 3.0, 2.0, 2.0, 4.0, 2.0, 2.0, 2.0, 3.0, 2.0, 1.0, 1.0, 1.0, 1.0, 3.0, 3.0, 2.0, 1.0, 4.0, 2.0, 2.0, 4.0, 2.0, 2.0, 2.0, 2.0, 2.0, 2.0, 2.0, 5.0], [5.0, 1.0, 1.0, 2.0, 2.0, 2.0, 2.0, 4.0, 4.0, 4.0, 4.0, 4.0, 4.0, 4.0, 3.0, 4.0, 2.0, 4.0, 4.0, 4.0, 4.0, 4.0, 4.0, 2.0, 3.0, 4.0, 1.0, 1.0, 1.0, 1.0, 3.0, 3.0, 4.0, 1.0, 2.0, 4.0, 4.0, 4.0, 4.0, 4.0, 4.0, 3.0, 3.0, 4.0, 4.0, 5.0], [5.0, 3.0, 3.0, 3.0, 2.0, 2.0, 2.0, 1.0, 4.0, 4.0, 2.0, 2.0, 4.0, 4.0, 3.0, 1.0, 4.0, 1.0, 4.0, 4.0, 2.0, 2.0, 4.0, 4.0, 3.0, 1.0, 4.0, 3.0, 3.0, 3.0, 3.0, 1.0, 1.0, 4.0, 3.0, 2.0, 4.0, 4.0, 2.0, 4.0, 4.0, 4.0, 4.0, 4.0, 4.0, 4.0, 5.0], [5.0, 2.0, 2.0, 2.0, 1.0, 1.0, 1.0, 4.0, 3.0, 3.0, 3.0, 1.0, 3.0, 3.0, 3.0, 4.0, 3.0, 4.0, 3.0, 3.0, 3.0, 1.0, 3.0, 3.0, 2.0, 4.0, 3.0, 2.0, 2.0, 2.0, 2.0, 4.0, 4.0, 3.0, 2.0, 2.0, 1.0, 3.0, 3.0, 1.0, 3.0, 3.0, 3.0, 3.0, 3.0, 3.0, 3.0, 5.0], [5.0, 4.0, 4.0, 4.0, 1.0, 1.0, 1.0, 3.0, 2.0, 2.0, 2.0, 1.0, 2.0, 2.0, 2.0, 3.0, 2.0, 3.0, 2.0, 2.0, 2.0, 1.0, 2.0, 2.0, 2.0, 3.0, 2.0, 4.0, 4.0, 4.0, 4.0, 3.0, 3.0, 2.0, 2.0, 4.0, 4.0, 1.0, 2.0, 2.0, 1.0, 2.0, 2.0, 2.0, 2.0, 2.0, 2.0, 2.0, 5.0], [5.0, 2.0, 2.0, 2.0, 3.0, 3.0, 3.0, 2.0, 3.0, 3.0, 3.0, 3.0, 3.0, 3.0, 3.0, 1.0, 3.0, 2.0, 3.0, 3.0, 3.0, 3.0, 3.0, 3.0, 3.0, 1.0, 3.0, 2.0, 2.0, 2.0, 2.0, 2.0, 4.0, 4.0, 3.0, 3.0, 2.0, 2.0, 3.0, 3.0, 3.0, 3.0, 4.0, 3.0, 4.0, 4.0, 4.0, 3.0, 3.0, 5.0]]